Turkin:Evgenii 5,5,4,5,3,5,1,5,1,5,4,3,5,2,2,4,4,1,2,
Maximenko:Anna 5,4,1,1,1,3,2,3,4,1,4,5,3,2,4,1,3,5,
Astaf'ev:Fillip 4,4,1,3,4,1,4,3,5,1,2,3,1,4,3,5,2,4,
Fedorov:Iliya 2,4,4,2,2,1,1,4,2,5,5,5,4,2,3,3,2,4,
MacGregor:Conor 2,5,4,5,4,2,5,2,2,4,4,5,3,3,4,4,3,1,
Beckham:David 1,1,3,3,1,5,1,2,4,3,1,3,1,5,5,4,1,1,
Gorodeckii:Anton 5,2,5,5,3,5,5,4,1,2,3,1,4,5,1,4,2,4,
Willis:Brus 3,2,5,5,3,2,2,5,2,5,1,1,4,2,5,5,3,1,
Trubickoi:Lyapis 3,1,5,5,4,5,3,4,2,3,1,5,2,1,3,3,3,2,
Pavlova:Anna 5,3,1,1,3,1,5,2,4,4,3,4,1,2,2,2,2,1,
Kortunkova:Olga 4,2,4,5,2,2,5,3,1,1,4,4,4,4,3,4,4,2,
Goncharov:Denis 4,4,1,3,3,5,5,4,4,3,3,4,4,1,2,3,4,1,
Antonov:Yurii 1,2,3,1,3,2,3,2,4,4,5,2,4,1,1,5,4,2,
Tabakova:Alexandra 5,2,3,1,1,1,5,2,3,4,4,2,3,4,5,5,3,5,
Jirkova:Olga 2,2,5,4,1,1,3,2,4,1,3,3,3,2,5,4,1,5,
Harlov:Ivan 5,4,2,5,4,5,5,2,3,1,4,1,2,4,1,5,2,3,
Surname:Name 4,5,1,5,1,4,1,1,2,2,1,4,1,3,2,1,5,1,
Surname2:Name2 3,5,4,4,3,5,2,1,1,4,2,2,5,3,4,1,1,2,
Surname3:Name3 1,1,2,1,5,2,2,2,5,5,4,5,1,3,3,3,2,5,
Surname4:Name4 2,3,2,1,1,5,3,1,4,1,4,5,
Surname5:Name5 2,2,4,2,5,2,3,1,4,5,5,1,
Surname6:Name6 2,1,4,5,1,2,1,1,4,1,2,1,
Surname7:Name7 4,5,1,3,5,2,5,3,2,5,4,1,
Surname8:Name8 2,5,1,2,5,2,4,5,2,4,5,5,
Surname9:Name9 1,3,3,3,3,3,3,2,3,4,3,2,
Surname10:Name10 4,5,4,5,5,3,2,1,4,3,1,4,
Surname11:Name11 5,1,5,5,3,2,3,5,4,5,1,1,
Jackson:Michael 5,2,3,3,4,3,1,2,2,3,3,5,4,
