Turkin:Evgenii 5,5,3,5,1,1,1,2,5,3,5,5,5,4,4,1,3,1,3,
Maximenko:Anna 4,1,4,5,2,1,1,1,1,1,5,4,2,3,4,4,2,1,5,
Astaf'ev:Fillip 3,2,5,3,5,2,3,3,1,5,5,5,4,3,3,1,4,3,
Fedorov:Iliya 1,5,1,5,4,2,5,1,3,4,3,4,2,5,3,2,1,2,
MacGregor:Conor 2,4,2,5,3,1,3,3,2,2,4,2,3,4,1,2,1,3,
Beckham:David 2,1,4,1,4,3,4,3,3,5,5,4,3,1,2,2,1,4,
Gorodeckii:Anton 5,3,5,5,3,2,4,5,5,5,5,1,5,4,5,4,3,2,
Willis:Brus 5,1,3,3,4,1,1,1,2,3,4,4,2,4,5,4,5,5,
Trubickoi:Lyapis 3,1,3,3,5,2,1,3,1,2,3,3,3,1,4,5,2,2,
Pavlova:Anna 5,5,2,1,4,3,5,2,5,3,3,5,2,3,3,2,2,1,
Kortunkova:Olga 5,3,4,5,5,3,2,5,5,3,3,1,4,3,4,2,1,1,
Goncharov:Denis 3,2,1,4,3,5,2,4,1,3,1,4,3,3,2,4,4,1,
Antonov:Yurii 5,3,5,4,3,5,4,5,5,5,5,2,5,1,3,3,3,5,
Tabakova:Alexandra 3,2,3,3,3,3,3,5,3,5,4,5,1,5,4,2,3,3,
Jirkova:Olga 3,5,5,5,2,3,5,2,1,1,3,1,1,1,4,2,2,2,
Harlov:Ivan 5,4,1,4,1,2,5,2,1,5,2,2,4,1,2,3,5,1,
Surname:Name 4,2,3,4,5,3,2,4,1,4,4,4,1,1,2,1,3,3,
Surname2:Name2 3,2,1,5,5,5,3,1,2,5,3,1,5,4,1,2,5,3,
Surname3:Name3 5,4,1,3,3,3,1,2,2,1,2,1,5,2,4,2,4,5,
Surname4:Name4 1,1,3,3,5,1,2,3,1,3,1,1,
Surname5:Name5 5,2,5,5,2,1,4,1,5,3,5,3,
Surname6:Name6 3,5,2,5,4,2,2,3,2,1,5,4,
Surname7:Name7 2,3,4,1,1,3,4,2,4,5,4,4,
Surname8:Name8 2,3,2,3,4,1,4,2,3,2,1,4,
Surname9:Name9 1,4,4,5,1,3,2,3,4,4,1,4,
Surname10:Name10 4,3,2,3,1,4,5,5,4,2,4,3,
Surname11:Name11 4,1,5,2,1,1,3,2,4,3,4,1,
Jackson:Michael 2,5,2,4,3,2,4,2,5,4,4,1,
