Turkin:Evgenii 2,5,4,2,4,2,2,3,5,3,2,1,4,2,5,4,1,4,
Maximenko:Anna 2,4,4,5,3,1,5,5,5,1,5,1,2,5,5,4,2,3,
Astaf'ev:Fillip 2,2,2,2,1,4,1,1,2,2,3,4,5,1,3,5,3,4,
Fedorov:Iliya 3,5,3,4,3,3,5,3,4,5,1,2,5,5,1,5,4,4,
MacGregor:Conor 4,3,1,1,2,4,3,5,5,5,5,3,4,4,4,5,3,1,
Beckham:David 5,3,4,4,4,4,3,5,2,4,1,3,4,1,3,1,4,3,
Gorodeckii:Anton 5,5,2,1,1,5,1,4,2,4,4,4,4,4,3,2,3,4,
Willis:Brus 1,5,1,4,3,3,3,3,5,4,5,4,4,4,4,1,1,2,
Trubickoi:Lyapis 2,5,5,2,4,1,5,2,1,1,1,1,2,3,4,4,5,4,
Pavlova:Anna 1,1,3,4,1,2,4,1,3,5,4,5,3,3,5,3,1,2,
Kortunkova:Olga 1,1,5,2,5,5,5,5,5,4,3,2,2,4,5,1,3,5,
Goncharov:Denis 5,4,2,2,3,1,4,2,3,4,1,5,2,4,3,2,5,1,
Antonov:Yurii 4,1,1,3,5,3,2,1,4,2,4,5,1,4,4,5,4,1,
Tabakova:Alexandra 3,4,5,3,3,2,5,4,4,4,5,1,5,2,2,5,2,5,
Jirkova:Olga 2,5,4,5,4,5,1,4,3,5,3,1,1,3,1,1,4,2,
Harlov:Ivan 4,4,2,2,3,2,1,2,3,5,5,1,5,2,5,4,5,5,
Surname:Name 3,2,3,5,2,3,1,5,5,2,4,3,3,1,3,2,2,4,
Surname2:Name2 3,4,2,4,1,2,4,2,5,2,2,5,4,5,3,3,1,1,
Surname3:Name3 5,2,1,1,2,4,3,4,1,1,2,5,1,5,4,3,2,1,
Surname4:Name4 3,5,3,2,1,5,5,1,2,5,3,1,
Surname5:Name5 1,1,1,2,3,2,2,1,4,3,5,1,
Surname6:Name6 2,2,3,1,2,4,3,2,3,4,5,5,
Surname7:Name7 2,1,4,2,3,5,1,5,1,3,3,4,
Surname8:Name8 1,1,5,5,4,5,4,3,5,1,1,3,
Surname9:Name9 3,2,4,3,3,4,5,5,4,2,1,3,
Surname10:Name10 4,5,2,1,2,5,5,5,5,5,3,4,
Surname11:Name11 2,5,3,4,4,1,3,5,2,3,1,3,
Jackson:Michael 3,1,4,3,4,3,5,1,1,2,2,2,
